NUMBER_ITEMS: 5	NUMBER_SELLERS: 7	NUMBER_BUYERS: 10	NUMBER_ROUND: 5	Penalty factor: 0.08	SMAX: 100	

Bid decrease factor for each buyer: 0.09	0.09	0.09	0.09	0.09	0.09	0.09	0.09	0.09	0.09	
Bid increase factor for each buyer: 1.01	1.01	1.01	1.01	1.01	1.01	1.01	1.01	1.01	1.01	

Seller 0 will sell item: 1
Seller 1 will sell item: 2
Seller 2 will sell item: 4
Seller 3 will sell item: 0
Seller 4 will sell item: 4
Seller 5 will sell item: 4
Seller 6 will sell item: 3

**************************** Pure Auctions ****************************
Initial bidding factors:

Buyer0: 1.11608	1.21526	1.33934	5.74255	1.16418	1.4074	1.94717	
Buyer1: 3.2892	66.5996	10.9369	2.74362	6.78687	6.02667	1.01158	
Buyer2: 2.24355	8.39534	212.773	111.833	2.64613	1.88078	1.75065	
Buyer3: 1.6617	1.64691	6.0145	1.50812	2.21818	2.83967	17.5225	
Buyer4: 1.64551	1.27657	1.24589	1.9234	3.31147	1.14155	1.37607	
Buyer5: 1.0461	1.08021	1.85397	7.02401	2.16398	4.24883	1.15973	
Buyer6: 4.77027	1.28257	1.18528	1.00318	1.00027	1.63524	2.54798	
Buyer7: 3.75596	3.36348	1.19023	42.0629	2.66031	10.7928	1.47659	
Buyer8: 17.7792	113.381	1.08835	3.62427	3.66398	1.70086	1.44673	
Buyer9: 1.19383	1.37642	2.06198	4.8688	1.34451	2.13452	2.18345	

The starting prices: 
seller0:	16
seller1:	40
seller2:	84
seller3:	28
seller4:	51
seller5:	28
seller6:	56

----------------------- Round 0 -----------------------
The order of the seller in this round is: 1	4	6	2	0	5	3	

The bid: 
Buyer 0 : 17.8573	48.6103	112.505	160.791	59.3732	39.4071	109.042	
Buyer 1 : 52.6272	2663.98	918.701	76.8212	346.13	168.747	56.6483	
Buyer 2 : 35.8967	335.813	17872.9	3131.32	134.953	52.6619	98.0367	
Buyer 3 : 26.5871	65.8766	505.218	42.2275	113.127	79.5109	981.258	
Buyer 4 : 26.3281	51.0628	104.655	53.8551	168.885	31.9634	77.06	
Buyer 5 : 16.7376	43.2083	155.733	196.672	110.363	118.967	64.9449	
Buyer 6 : 76.3244	51.3026	99.5633	28.0892	51.014	45.7868	142.687	
Buyer 7 : 60.0954	134.539	99.9792	1177.76	135.676	302.199	82.689	
Buyer 8 : 284.467	4535.22	91.4215	101.479	186.863	47.624	81.0169	
Buyer 9 : 19.1012	55.0567	173.207	136.326	68.5699	59.7665	122.273	


Market prices: 798.468	1024.96	1360.71	1730.78	2101.2	2642.84	3617.06	

Winner buyers: 2	1	0	0	0	0	0	

Winner buyers' bid: 134.539	59.3732	0	0	0	0	0	

Winner buyers' profits: 663.929	965.591	3617.06	3617.06	3617.06	3617.06	3617.06	
Other buyers' profits didn't change.

Sellers' profits: 798.468	1024.96	1360.71	1730.78	2101.2	2642.84	3617.06	

The bidding factors after updated: 
0.100447	1.22741	0.120541	0.51683	1.17582	0.126666	0.175245	
3.32209	67.2656	11.0463	2.77105	0.610818	6.08694	1.02169	
2.26598	0.75558	214.9	112.951	2.67259	1.89959	1.76816	
1.67831	1.66338	6.07465	1.5232	2.24036	2.86807	17.6977	
1.66196	1.28934	1.25835	1.94263	3.34459	1.15296	1.38983	
1.05656	1.09101	1.87251	7.09425	2.18562	4.29132	1.17133	
4.81797	1.29539	1.19713	1.01322	1.01028	1.6516	2.57346	
3.79352	3.39711	1.20213	42.4835	2.68691	10.9007	1.49136	
17.957	114.514	1.09924	3.66051	3.70062	1.71787	1.4612	
1.20577	1.39018	2.0826	4.91748	1.35795	2.15586	2.20528	

----------------------- Round 1 -----------------------
The order of the seller in this round is: 2	0	3	4	1	5	6	

The bid: 
Buyer 0 : 1.60716	49.0964	10.1254	14.4712	59.9669	3.54664	9.81374	
Buyer 1 : 53.1535	2690.62	927.888	77.5894	31.1517	170.434	57.2148	
Buyer 2 : 36.2557	30.2232	18051.6	3162.63	136.302	53.1885	99.017	
Buyer 3 : 26.853	66.5353	510.27	42.6497	114.259	80.306	991.07	
Buyer 4 : 26.5914	51.5734	105.702	54.3937	170.574	32.283	77.8306	
Buyer 5 : 16.905	43.6404	157.29	198.639	111.467	120.157	65.5943	
Buyer 6 : 77.0876	51.8157	100.559	28.37	51.5242	46.2447	144.114	
Buyer 7 : 60.6963	135.885	100.979	1189.54	137.032	305.221	83.5159	
Buyer 8 : 287.311	4580.58	92.3357	102.494	188.732	48.1002	81.8271	
Buyer 9 : 19.2923	55.6073	174.939	137.69	69.2556	60.3642	123.496	


Market prices: 2023.17	2309.37	3212.59	3802.84	4816.01	5882.95	7726.34	

Winner buyers: 1	0	0	1	2	0	0	

Winner buyers' bid: 510.27	0	0	59.3732	134.539	0	0	

Winner buyers' profits: 3743.47	7726.34	7726.34	3743.47	4681.47	7726.34	7726.34	
Other buyers' profits didn't change.

Sellers' profits: 2023.17	2309.37	3212.59	3802.84	4816.01	5882.95	7726.34	

The bidding factors after updated: 
0.00904025	1.23968	0.0108487	0.0465147	1.18758	0.0113999	0.0157721	
3.35531	67.9382	0.994166	2.79876	0.0549736	6.14781	1.03191	
2.28864	0.0680022	217.049	114.081	2.69931	1.91859	1.78584	
1.6951	1.68002	6.13539	1.53844	2.26277	2.89675	17.8747	
1.67858	1.30223	1.27094	1.96206	3.37803	1.16449	1.40373	
1.06713	1.10192	1.89123	7.16519	2.20748	4.33423	1.18304	
4.86615	1.30835	1.2091	1.02335	1.02038	1.66811	2.59919	
3.83146	3.43108	1.21415	42.9084	2.71378	11.0098	1.50627	
18.1365	115.66	1.11023	3.69711	3.73763	1.73504	1.47581	
1.21782	1.40408	2.10343	4.96666	1.37153	2.17742	2.22734	

----------------------- Round 2 -----------------------
The order of the seller in this round is: 6	4	1	5	3	0	2	

The bid: 
Buyer 0 : 0.144644	49.5874	0.911288	1.30241	60.5666	0.319197	0.883237	
Buyer 1 : 53.685	2717.53	83.5099	78.3653	2.80366	172.139	57.7869	
Buyer 2 : 36.6183	2.72009	18232.2	3194.26	137.665	53.7204	100.007	
Buyer 3 : 27.1216	67.2007	515.373	43.0762	115.401	81.109	1000.98	
Buyer 4 : 26.8573	52.0892	106.759	54.9376	172.28	32.6058	78.6089	
Buyer 5 : 17.074	44.0768	158.863	200.625	112.581	121.359	66.2502	
Buyer 6 : 77.8585	52.3338	101.565	28.6537	52.0394	46.7071	145.555	
Buyer 7 : 61.3033	137.243	101.989	1201.43	138.403	308.273	84.3511	
Buyer 8 : 290.184	4626.38	93.2591	103.519	190.619	48.5812	82.6454	
Buyer 9 : 19.4852	56.1633	176.688	139.066	69.9482	60.9678	124.731	


Market prices: 174.18	304.674	1305.37	1601.19	2674.76	3294.64	8808.81	

Winner buyers: 6	4	3	1	0	0	1	

Winner buyers' bid: 124.731	137.665	49.5874	53.7204	0	0	510.27	

Winner buyers' profits: 49.4492	167.009	1255.78	8298.54	3294.64	3294.64	8298.54	
Other buyers' profits didn't change.

Sellers' profits: 174.18	304.674	1305.37	1601.19	2674.76	3294.64	8808.81	

The bidding factors after updated: 
0.000813623	1.25208	0.00097638	0.00418632	1.19946	0.00102599	0.00141949	
3.38886	68.6176	0.0894749	2.82675	0.00494763	0.553302	1.04223	
2.31153	0.0061202	219.22	115.221	2.72631	1.93777	1.8037	
1.71205	0.151202	6.19675	1.55382	2.2854	2.92572	18.0534	
1.69537	1.31525	1.28365	1.98168	0.304023	1.17614	1.41777	
1.0778	1.11294	1.91014	7.23684	2.22955	4.37758	1.19487	
4.91482	1.32143	1.22119	1.03358	1.03058	1.68479	0.233927	
3.86977	3.46539	1.22629	43.3374	2.74092	11.1199	1.52133	
18.3179	116.816	1.12133	3.73409	3.77501	1.75239	1.49057	
1.23	1.41812	2.12446	5.01633	1.38525	2.1992	2.24961	

----------------------- Round 3 -----------------------
The order of the seller in this round is: 4	1	0	6	3	2	5	

The bid: 
Buyer 0 : 0.013018	50.0833	0.0820159	0.117217	61.1722	0.0287278	0.0794913	
Buyer 1 : 54.2218	2744.71	7.51589	79.149	0.252329	15.4925	58.3648	
Buyer 2 : 36.9845	0.244808	18414.5	3226.2	139.042	54.2576	101.007	
Buyer 3 : 27.3928	6.04806	520.527	43.507	116.555	81.9201	1010.99	
Buyer 4 : 27.1259	52.6101	107.826	55.487	15.5052	32.9319	79.395	
Buyer 5 : 17.2448	44.5175	160.452	202.632	113.707	122.572	66.9128	
Buyer 6 : 78.6371	52.8572	102.58	28.9403	52.5598	47.1742	13.0999	
Buyer 7 : 61.9163	138.616	103.009	1213.45	139.787	311.356	85.1946	
Buyer 8 : 293.086	4672.65	94.1917	104.554	192.525	49.067	83.4718	
Buyer 9 : 19.68	56.725	178.455	140.457	70.6476	61.5775	125.978	


Market prices: 90.1753	962.676	1149.85	1514.14	2377.86	6608.84	8325.75	

Winner buyers: 9	7	6	3	1	0	1	

Winner buyers' bid: 61.1722	52.8572	54.2218	101.007	0.117217	0	53.7204	

Winner buyers' profits: 29.0031	909.819	1095.63	1413.14	8272.03	6608.84	8272.03	
Other buyers' profits didn't change.

Sellers' profits: 90.1753	962.676	1149.85	1514.14	2377.86	6608.84	8325.75	

The bidding factors after updated: 
7.3226e-05	1.2646	8.78742e-05	0.000376769	1.21145	9.23393e-05	0.000127754	
3.42275	69.3038	0.00805274	0.254407	0.000445286	0.0497972	1.05265	
2.33464	0.000550818	221.412	116.374	2.75357	1.95715	1.82174	
1.72917	0.0136081	6.25871	1.56936	2.30825	2.95498	1.62481	
1.71232	1.3284	1.29648	2.0015	0.0273621	1.1879	1.43194	
1.08858	1.12407	1.92924	7.30921	2.25185	4.42135	1.20682	
0.442333	1.33464	1.2334	1.04392	1.04089	1.70164	0.0210535	
3.90847	0.311886	1.23856	43.7708	2.76833	11.2311	1.53655	
18.5011	117.984	1.13254	3.77143	3.81276	1.76992	1.50547	
1.2423	1.43231	2.14571	5.06649	0.124672	2.22119	2.2721	

----------------------- Round 4 -----------------------
The order of the seller in this round is: 4	3	5	1	6	0	2	

The bid: 
Buyer 0 : 0.00117162	50.5841	0.00738143	0.0105495	61.7839	0.0025855	0.00715422	
Buyer 1 : 54.7641	2772.15	0.67643	7.12341	0.0227096	1.39432	58.9485	
Buyer 2 : 37.3543	0.0220327	18598.6	3258.46	140.432	54.8002	102.017	
Buyer 3 : 27.6667	0.544325	525.732	43.9421	117.721	82.7393	90.9892	
Buyer 4 : 27.3972	53.1362	108.904	56.0419	1.39546	33.2612	80.1889	
Buyer 5 : 17.4172	44.9627	162.057	204.658	114.844	123.798	67.5819	
Buyer 6 : 7.07734	53.3857	103.606	29.2297	53.0854	47.6459	1.17899	
Buyer 7 : 62.5355	12.4754	104.039	1225.58	141.185	314.469	86.0465	
Buyer 8 : 296.017	4719.37	95.1336	105.6	194.451	49.5577	84.3065	
Buyer 9 : 19.8768	57.2922	180.24	141.862	6.35829	62.1933	127.238	


Market prices: 83.1278	655.975	834.031	1263.04	1555.97	1937.24	7207.62	

Winner buyers: 0	1	1	7	3	6	0	

Winner buyers' bid: 53.0854	0.117217	53.7204	52.8572	101.007	54.2218	0	

Winner buyers' profits: 7207.62	780.31	780.31	1210.18	1454.97	1883.02	7207.62	
Other buyers' profits didn't change.

Sellers' profits: 83.1278	655.975	834.031	1263.04	1555.97	1937.24	7207.62	

The bidding factors after updated: 
6.59034e-06	1.27725	7.90868e-06	3.39092e-05	0.10903	8.31053e-06	1.14979e-05	
3.45698	69.9968	0.000724747	0.0228967	4.00758e-05	0.00448175	1.06318	
2.35799	4.95736e-05	223.626	117.537	2.78111	1.97672	1.83996	
1.74646	0.00122473	6.3213	1.58505	2.33133	2.98453	0.146233	
1.72945	1.34169	1.30945	2.02151	0.00246258	1.19978	1.44626	
1.09946	1.13531	1.94854	7.3823	2.27437	4.46557	1.21889	
0.03981	1.34799	1.24574	1.05436	1.0513	1.71866	0.00189481	
3.94755	0.0280697	1.25094	44.2085	2.79601	11.3434	1.55191	
18.6861	119.164	1.14387	3.80914	3.85088	1.78762	1.52053	
1.25473	1.44663	2.16717	5.11715	0.0112205	2.2434	2.29483	

**************************** Leveled Commitment Auctions ****************************
Initial bidding factors:

Buyer0: 5.22516	5.62041	1.22365	2.10396	6.42742	1.98432	1.36603	
Buyer1: 2.46535	3.5764	1.75817	1.46569	1.32296	1.38515	2.10382	
Buyer2: 8.12674	2.71858	1.19802	28.4683	1.93407	1.50826	2.34603	
Buyer3: 9.55028	1.05333	1.08529	1.81958	2.89002	2.11974	2.66659	
Buyer4: 1.18062	3.15553	2.19236	3.67755	1.01729	3.35762	1.35278	
Buyer5: 1.76271	5.10151	1.31346	1.19122	2.51454	1.99628	1.12335	
Buyer6: 36.3674	1.00537	1.74636	19.7868	1.88197	5.15204	1.18614	
Buyer7: 1.59543	1.52058	5.05352	1.18738	8.10663	9.09437	1.34561	
Buyer8: 3.18373	1.06259	3.49515	2.97314	7.12791	1.36404	1.19811	
Buyer9: 1.41237	1.66592	1.33825	3.95641	6.92017	606.796	16.3835	

----------------------- Round 0 -----------------------
The order of the seller in this round is: 3	5	2	4	1	6	0	

The bid: 
Buyer 0 : 83.6026	224.816	102.787	58.9107	327.799	55.5608	76.4978	
Buyer 1 : 39.4456	143.056	147.686	41.0394	67.4708	38.7841	117.814	
Buyer 2 : 130.028	108.743	100.634	797.112	98.6375	42.2313	131.378	
Buyer 3 : 152.804	42.1332	91.1641	50.9482	147.391	59.3528	149.329	
Buyer 4 : 18.89	126.221	184.158	102.971	51.8819	94.0133	75.7556	
Buyer 5 : 28.2033	204.06	110.331	33.3543	128.242	55.8959	62.9076	
Buyer 6 : 581.878	40.2148	146.694	554.031	95.9805	144.257	66.4236	
Buyer 7 : 25.5269	60.8232	424.495	33.2467	413.438	254.642	75.3543	
Buyer 8 : 50.9398	42.5035	293.592	83.248	363.523	38.1932	67.0939	
Buyer 9 : 22.5979	66.6368	112.413	110.78	352.929	16990.3	917.476	


Market prices: 806.583	3188.99	4367.48	5549.22	7736.51	9925.16	14977	

Winner buyers: 2	7	7	7	0	9	6	

Winner buyers' bid: 554.031	144.257	293.592	363.523	204.06	149.329	152.804	

Winner buyers' profits: -44.3225	2129.42	2129.42	2129.42	6069.4	-11.9463	5036.42	
Other buyers' profits didn't change.

Sellers' profits: -762.261	-3177.45	4367.48	5549.22	7736.51	-9913.21	14977	

The bidding factors after updated: 
0.470265	0.505837	0.110129	0.189356	0.578468	0.178588	0.122943	
2.49001	3.61217	0.158235	0.131912	0.119066	0.124663	2.12486	
8.208	0.244672	1.21	2.56215	1.95341	1.52334	2.36949	
9.64578	0.0947997	1.09614	1.83778	2.91892	2.14094	0.239993	
1.19243	3.18708	2.21428	3.71433	0.0915563	3.39119	1.36631	
1.78034	5.15253	1.3266	1.20314	2.53969	2.01625	1.13458	
3.27306	1.01542	1.76383	19.9847	1.90079	5.20356	0.106752	
1.61139	0.136852	0.454816	1.19926	0.729597	0.818493	1.35907	
3.21557	1.07321	3.5301	3.00287	7.19919	1.37768	1.21009	
1.42649	1.68258	1.35163	3.99598	0.622815	612.864	1.47452	

----------------------- Round 1 -----------------------
The order of the seller in this round is: 3	2	0	4	1	5	6	

The bid: 
Buyer 0 : 7.52424	20.2335	9.25082	5.30197	29.5019	5.00047	6.8848	
Buyer 1 : 39.8401	144.487	13.2918	3.69354	6.07237	3.49057	118.992	
Buyer 2 : 131.328	9.78687	101.64	71.7401	99.6239	42.6537	132.691	
Buyer 3 : 154.332	3.79199	92.0758	51.4577	148.865	59.9464	13.4396	
Buyer 4 : 19.0789	127.483	186	104.001	4.66937	94.9535	76.5132	
Buyer 5 : 28.4854	206.101	111.434	33.6878	129.524	56.4549	63.5367	
Buyer 6 : 52.369	40.6169	148.161	559.572	96.9403	145.7	5.97812	
Buyer 7 : 25.7822	5.47409	38.2046	33.5792	37.2094	22.9178	76.1078	
Buyer 8 : 51.4492	42.9285	296.528	84.0805	367.159	38.5751	67.7649	
Buyer 9 : 22.8239	67.3032	113.537	111.887	31.7636	17160.2	82.5728	


Market prices: 5258.14	11035.3	17797.9	24602.1	34659.5	48863.7	71502.5	

Winner buyers: 6	8	3	8	5	9	2	

Winner buyers' bid: 111.887	186	131.328	148.865	144.487	145.7	118.992	

Winner buyers' profits: -4641.52	-11.9092	7878.77	-11.9092	-11.5589	38930.2	-9.51937	
Other buyers' profits didn't change.

Sellers' profits: 5258.14	-11020.4	17797.9	-24590.2	-34648	48863.7	-71492.9	

The bidding factors after updated: 
0.0423238	0.0455253	0.0099116	0.017042	0.0520621	0.016073	0.0110649	
2.51491	3.64829	0.0142412	0.0118721	0.010716	0.0112197	2.14611	
8.29008	0.0220205	1.2221	0.230593	1.97294	1.53858	0.213254	
0.86812	0.00853198	1.1071	1.85615	2.94811	2.16235	0.0215993	
1.20435	3.21895	2.23643	3.75147	0.00824007	3.42511	1.37997	
1.79814	0.463727	1.33987	1.21517	2.56508	2.03641	1.14593	
0.294576	1.02558	1.78146	1.79862	1.9198	5.2556	0.0096077	
1.6275	0.0123167	0.0409335	1.21125	0.0656637	0.0736644	1.37266	
3.24773	1.08395	0.317709	3.0329	0.647927	1.39146	1.22219	
1.44076	1.69941	1.36515	4.03594	0.0560534	55.1578	0.132706	

----------------------- Round 2 -----------------------
The order of the seller in this round is: 6	3	2	0	4	5	1	

The bid: 
Buyer 0 : 0.677181	1.82101	0.832574	0.477177	2.65517	0.450043	0.619632	
Buyer 1 : 40.2385	145.932	1.19626	0.332419	0.546514	0.314151	120.182	
Buyer 2 : 132.641	0.880819	102.656	6.45661	100.62	43.0802	11.9422	
Buyer 3 : 13.8899	0.341279	92.9965	51.9723	150.353	60.5458	1.20956	
Buyer 4 : 19.2697	128.758	187.86	105.041	0.420244	95.903	77.2783	
Buyer 5 : 28.7702	18.5491	112.549	34.0247	130.819	57.0195	64.1721	
Buyer 6 : 4.71321	41.0231	149.643	50.3615	97.9097	147.157	0.538031	
Buyer 7 : 26.04	0.492668	3.43841	33.915	3.34885	2.0626	76.8689	
Buyer 8 : 51.9636	43.3578	26.6875	84.9213	33.0443	38.9608	68.4425	
Buyer 9 : 23.0521	67.9762	114.672	113.006	2.85872	1544.42	7.43156	


Market prices: 53959.3	99617.6	145332	190978	236660	324729	440398	

Winner buyers: 1	9	4	2	3	9	1	

Winner buyers' bid: 77.2783	105.041	149.643	51.9636	130.819	147.157	128.758	

Winner buyers' profits: 386381	270694	120717	137038	182641	270694	386381	
Other buyers' profits didn't change.

Sellers' profits: -53953.2	99617.6	145332	190978	236660	324729	440398	

The bidding factors after updated: 
0.00380914	0.00409728	0.000892044	0.00153378	0.00468559	0.00144657	0.000995837	
2.54006	0.328346	0.00128171	0.00106849	0.000964436	0.00100977	0.19315	
0.746108	0.00198184	1.23432	0.0207534	1.99267	1.55396	0.0191929	
0.0781308	0.000767878	1.11817	1.87472	0.265329	2.18397	0.00194394	
1.2164	3.25114	0.201278	3.78899	0.000741606	3.45936	1.39377	
1.81612	0.0417355	1.35326	1.22732	2.59074	2.05677	1.15739	
0.0265118	1.03583	1.79928	0.161876	1.939	5.30816	0.000864693	
1.64378	0.0011085	0.00368401	1.22336	0.00590973	0.00662979	1.38639	
3.28021	1.09478	0.0285938	3.06323	0.0583134	1.40537	1.23441	
1.45517	1.7164	1.3788	0.363234	0.0050448	4.9642	0.0119436	

----------------------- Round 3 -----------------------
The order of the seller in this round is: 6	5	0	2	4	1	3	

The bid: 
Buyer 0 : 0.0609463	0.163891	0.0749317	0.0429459	0.238965	0.0405038	0.0557669	
Buyer 1 : 40.6409	13.1338	0.107663	0.0299177	0.0491862	0.0282736	10.8164	
Buyer 2 : 11.9377	0.0792737	103.683	0.581095	101.626	43.511	1.0748	
Buyer 3 : 1.25009	0.0307151	93.9265	52.492	13.5318	61.1513	0.108861	
Buyer 4 : 19.4623	130.046	16.9074	106.092	0.0378219	96.862	78.0511	
Buyer 5 : 29.0579	1.66942	113.674	34.3649	132.128	57.5896	64.8138	
Buyer 6 : 0.424189	41.4333	151.139	4.53253	98.8888	148.628	0.0484228	
Buyer 7 : 26.3004	0.0443401	0.309457	34.2541	0.301396	0.185634	77.6376	
Buyer 8 : 52.4833	43.7914	2.40188	85.7705	2.97398	39.3504	69.1269	
Buyer 9 : 23.2827	68.656	115.819	10.1706	0.257285	138.998	0.66884	


Market prices: 156275	365865	579556	793316	1.00704e+06	1.35445e+06	1.70184e+06	

Winner buyers: 4	6	8	6	5	4	4	

Winner buyers' bid: 77.6376	138.998	40.6409	115.819	101.626	68.656	85.7705	

Winner buyers' profits: 1.54555e+06	636997	342976	636997	-8.13011	1.54555e+06	1.54555e+06	
Other buyers' profits didn't change.

Sellers' profits: -156268	365865	579556	793316	-1.00703e+06	1.35445e+06	1.70184e+06	

The bidding factors after updated: 
0.000342823	0.000368755	8.02839e-05	0.000138041	0.000421703	0.000130191	8.96253e-05	
2.56546	0.0295511	0.000115353	9.6164e-05	8.67992e-05	9.08794e-05	0.0173835	
0.0671497	0.000178366	1.24666	0.0018678	2.0126	1.5695	0.00172736	
0.00703177	6.9109e-05	1.12935	1.89346	0.0238797	2.20581	0.000174955	
1.22856	0.292603	0.018115	0.341009	6.67446e-05	3.49395	0.125439	
1.83428	0.00375619	1.3668	1.23959	0.233166	2.07734	1.16896	
0.00238606	1.04619	0.161935	0.0145688	1.95839	0.477734	7.78224e-05	
1.66021	9.97653e-05	0.000331561	1.23559	0.000531876	0.000596681	1.40025	
0.295218	1.10573	0.00257344	3.09386	0.00524821	1.41943	1.24675	
1.46972	1.73356	1.39259	0.0326911	0.000454032	0.446778	0.00107492	

----------------------- Round 4 -----------------------
The order of the seller in this round is: 5	0	1	6	2	3	4	

The bid: 
Buyer 0 : 0.00548517	0.0147502	0.00674385	0.00386513	0.0215069	0.00364535	0.00501902	
Buyer 1 : 41.0473	1.18205	0.00968969	0.00269259	0.00442676	0.00254462	0.973474	
Buyer 2 : 1.07439	0.00713463	104.72	0.0522985	102.643	43.9461	0.0967321	
Buyer 3 : 0.112508	0.00276436	94.8658	53.0169	1.21786	61.7628	0.00979746	
Buyer 4 : 19.657	11.7041	1.52166	9.54825	0.00340397	97.8306	7.0246	
Buyer 5 : 29.3485	0.150248	114.811	34.7086	11.8915	58.1655	65.4619	
Buyer 6 : 0.038177	41.8477	13.6025	0.407928	99.8777	13.3766	0.00435805	
Buyer 7 : 26.5634	0.00399061	0.0278511	34.5967	0.0271257	0.0167071	78.414	
Buyer 8 : 4.7235	44.2293	0.216169	86.6282	0.267659	39.744	69.8182	
Buyer 9 : 23.5155	69.3426	116.977	0.91535	0.0231556	12.5098	0.0601956	


Market prices: 347413	692970	1.03855e+06	1.38415e+06	2.69295e+06	4.00169e+06	5.31046e+06	

Winner buyers: 4	1	9	7	9	8	2	

Winner buyers' bid: 61.7628	29.3485	44.2293	69.8182	114.811	53.0169	99.8777	

Winner buyers' profits: 191148	536737	1.30875e+06	-5.58546	1.30875e+06	2.99469e+06	3.92628e+06	
Other buyers' profits didn't change.

Sellers' profits: 347413	692970	1.03855e+06	-1.38414e+06	2.69295e+06	4.00169e+06	5.31046e+06	

The bidding factors after updated: 
3.08541e-05	3.3188e-05	7.22555e-06	1.24236e-05	3.79533e-05	1.17172e-05	8.06628e-06	
0.230891	0.0026596	1.03818e-05	8.65476e-06	7.81193e-06	8.17915e-06	0.00156451	
0.00604347	1.60529e-05	1.25913	0.000168102	0.181134	1.5852	0.000155462	
0.00063286	6.21981e-06	1.14065	1.9124	0.00214917	2.22787	1.57459e-05	
1.24085	0.0263343	0.00163035	0.0306908	6.00701e-06	0.314456	0.0112895	
1.85263	0.000338057	1.38046	1.25199	0.020985	2.09811	1.18065	
0.000214746	1.05665	0.0145742	0.0013112	1.97797	0.0429961	7.00401e-06	
1.67682	8.97888e-06	2.98405e-05	1.24795	4.78688e-05	5.37013e-05	0.126022	
0.0265697	1.11679	0.00023161	0.278448	0.000472339	1.43362	1.25922	
1.48442	0.156021	0.125333	0.0029422	4.08629e-05	0.04021	9.67429e-05	

